Date,Open,High,Low,Close,Volume,Change
2018-08-06 00:00:00,144500,184000,117000,119000,269487,
2018-08-07 00:00:00,123000,142500,117000,121500,188992,0.0210084033613444
2018-08-08 00:00:00,123000,126000,117500,121500,64390,0.0
2018-08-09 00:00:00,121500,121500,115000,116500,41390,-0.0411522633744856
2018-08-10 00:00:00,121500,123000,118500,121500,46982,0.0429184549356223
2018-08-13 00:00:00,122000,134000,117000,118500,56268,-0.0246913580246913
2018-08-14 00:00:00,120000,124500,117000,120500,19873,0.0168776371308017
2018-08-16 00:00:00,125000,126000,120500,122500,21525,0.0165975103734439
2018-08-17 00:00:00,123500,125500,122000,125000,10829,0.0204081632653061
2018-08-20 00:00:00,125000,129000,124000,127000,13000,0.016
2018-08-21 00:00:00,128000,128500,123500,128500,18897,0.0118110236220472
2018-08-22 00:00:00,126500,128500,125000,127500,16225,-0.0077821011673151
2018-08-23 00:00:00,127000,128500,124500,128500,18859,0.0078431372549019
2018-08-24 00:00:00,129500,133500,127500,133500,14439,0.0389105058365759
2018-08-27 00:00:00,128000,144000,122500,143000,40649,0.0711610486891385
2018-08-28 00:00:00,143500,157500,140500,147000,19407,0.0279720279720279
2018-08-29 00:00:00,144500,150000,144000,149000,8317,0.0136054421768707
2018-08-30 00:00:00,148500,153500,146000,150000,12762,0.0067114093959732
2018-08-31 00:00:00,149000,155000,147000,151500,12248,0.01
2018-09-03 00:00:00,156000,156000,148500,149000,13077,-0.0165016501650164
2018-09-04 00:00:00,148000,155000,147500,154500,12467,0.0369127516778522
2018-09-05 00:00:00,157500,163000,154500,156500,21312,0.0129449838187702
2018-09-06 00:00:00,160000,169000,155000,158500,34245,0.0127795527156548
2018-09-07 00:00:00,159000,167000,154000,167000,18387,0.053627760252366
2018-09-10 00:00:00,169000,169000,162500,164500,12199,-0.0149700598802394
2018-09-11 00:00:00,165000,167000,158500,165000,23418,0.0030395136778116
2018-09-12 00:00:00,167000,167000,159500,164500,14037,-0.003030303030303
2018-09-13 00:00:00,163500,165500,159500,162000,11997,-0.0151975683890577
2018-09-14 00:00:00,162000,162000,154000,155000,11695,-0.0432098765432098
2018-09-17 00:00:00,156500,158000,151000,153500,12701,-0.0096774193548386
2018-09-18 00:00:00,153500,156500,149500,149500,12916,-0.0260586319218241
2018-09-19 00:00:00,148000,150500,145000,145500,6466,-0.0267558528428093
2018-09-20 00:00:00,146500,147500,141000,144500,16784,-0.0068728522336769
2018-09-21 00:00:00,144000,148000,143500,145000,11764,0.0034602076124568
2018-09-27 00:00:00,145500,158000,145500,154500,20477,0.0655172413793103
2018-09-28 00:00:00,152000,154000,148500,148500,10406,-0.0388349514563106
2018-10-01 00:00:00,152000,154000,148500,152500,6750,0.026936026936027004
2018-10-02 00:00:00,152500,156000,151000,154000,7501,0.0098360655737705
2018-10-04 00:00:00,159500,159500,150000,152500,5662,-0.0097402597402597
2018-10-05 00:00:00,151000,152000,142500,146500,8691,-0.0393442622950819
2018-10-08 00:00:00,146500,150000,144000,146500,3716,0.0
2018-10-10 00:00:00,147000,150000,138000,140000,6994,-0.0443686006825938
2018-10-11 00:00:00,132000,140500,132000,136000,5965,-0.0285714285714285
2018-10-12 00:00:00,136000,139000,132500,137000,5321,0.0073529411764705
2018-10-15 00:00:00,137500,137500,131000,132500,4887,-0.0328467153284671
2018-10-16 00:00:00,133500,137500,132000,133000,6434,0.0037735849056603
2018-10-17 00:00:00,135500,140000,133000,138000,5929,0.037593984962406
2018-10-18 00:00:00,138000,138500,134000,136000,5667,-0.0144927536231883
2018-10-19 00:00:00,133500,139000,133000,139000,2109,0.0220588235294116
2018-10-22 00:00:00,139000,139000,133000,134000,2882,-0.0359712230215827
2018-10-23 00:00:00,134000,135000,126500,128000,3354,-0.044776119402985
2018-10-24 00:00:00,129000,131000,122500,126000,3861,-0.015625
2018-10-25 00:00:00,120000,135000,120000,131500,8404,0.0436507936507937
2018-10-26 00:00:00,131500,132000,125000,129000,4225,-0.0190114068441065
2018-10-29 00:00:00,126000,130500,118000,121500,4026,-0.0581395348837209
2018-10-30 00:00:00,120500,124000,117500,122000,4299,0.0041152263374486
2018-10-31 00:00:00,123500,124000,117500,117500,4265,-0.0368852459016393
2018-11-01 00:00:00,119500,131000,118000,126000,8597,0.0723404255319148
2018-11-02 00:00:00,125500,135000,125500,132000,3333,0.0476190476190476
2018-11-05 00:00:00,132000,134000,127500,130500,2270,-0.0113636363636363
2018-11-06 00:00:00,130500,130500,126500,127000,1614,-0.0268199233716475
2018-11-07 00:00:00,127500,130000,120000,120000,5532,-0.0551181102362204
2018-11-08 00:00:00,121500,127000,121500,125500,1810,0.0458333333333333
2018-11-09 00:00:00,125500,126500,120500,126000,1740,0.0039840637450199
2018-11-12 00:00:00,126500,128500,123500,127000,2841,0.0079365079365079
2018-11-13 00:00:00,122500,133000,121500,122500,14198,-0.0354330708661417
2018-11-14 00:00:00,124500,124500,117500,118000,5014,-0.036734693877551
2018-11-15 00:00:00,119500,123500,118000,123500,1822,0.0466101694915255
2018-11-16 00:00:00,123500,125000,120500,124000,2391,0.0040485829959513
2018-11-19 00:00:00,126000,127500,122000,122500,4338,-0.0120967741935483
2018-11-20 00:00:00,122500,123500,120000,121000,695,-0.0122448979591837
2018-11-21 00:00:00,120000,126000,120000,120500,2587,-0.0041322314049586
2018-11-22 00:00:00,123000,123000,119500,119500,1895,-0.0082987551867219
2018-11-23 00:00:00,120000,123000,120000,122000,1388,0.0209205020920502
2018-11-26 00:00:00,122500,125000,122000,124000,1919,0.0163934426229508
2018-11-27 00:00:00,125000,125000,121500,123000,1168,-0.0080645161290322
2018-11-28 00:00:00,123000,124000,121500,121500,1014,-0.0121951219512195
2018-11-29 00:00:00,122000,123500,122000,123000,1151,0.0123456790123457
2018-11-30 00:00:00,123000,132000,122000,132000,5227,0.0731707317073171
2018-12-03 00:00:00,133000,133500,125000,130500,5219,-0.0113636363636363
2018-12-04 00:00:00,135000,135000,127000,128500,2139,-0.0153256704980843
2018-12-05 00:00:00,127500,129000,125000,125500,1832,-0.0233463035019455
2018-12-06 00:00:00,126000,126500,122000,122500,1568,-0.0239043824701195
2018-12-07 00:00:00,124500,125000,122500,124500,2050,0.0163265306122448
2018-12-10 00:00:00,124000,124000,119000,120000,3074,-0.036144578313253004
2018-12-11 00:00:00,120000,120000,118000,118500,1495,-0.0124999999999999
2018-12-12 00:00:00,120000,121000,116000,116500,3514,-0.0168776371308017
2018-12-13 00:00:00,117500,122000,116500,121500,3043,0.0429184549356223
2018-12-14 00:00:00,122000,122500,119000,119000,2376,-0.0205761316872428
2018-12-17 00:00:00,118500,121000,115500,116000,3219,-0.0252100840336134
2018-12-18 00:00:00,115500,118000,113000,113000,5505,-0.0258620689655172
2018-12-19 00:00:00,116500,118500,116000,117500,4307,0.0398230088495574
2018-12-20 00:00:00,116500,118000,114500,115000,2773,-0.0212765957446808
2018-12-21 00:00:00,116000,117500,115500,115500,3272,0.0043478260869564
2018-12-24 00:00:00,115500,120000,115500,119500,3428,0.0346320346320345
2018-12-26 00:00:00,119500,120000,117000,118000,2418,-0.0125523012552301
2018-12-27 00:00:00,117000,118000,114000,115000,1968,-0.0254237288135593
2018-12-28 00:00:00,116500,118000,116000,117500,2529,0.0217391304347827
2019-01-02 00:00:00,117500,120000,117500,120000,3294,0.0212765957446807
2019-01-03 00:00:00,120500,120500,117500,118000,2448,-0.0166666666666667
2019-01-04 00:00:00,115000,120000,115000,117000,1992,-0.0084745762711864
2019-01-07 00:00:00,119500,119500,116500,118000,1707,0.0085470085470085
2019-01-08 00:00:00,117000,121500,116500,118500,3665,0.0042372881355932
2019-01-09 00:00:00,119000,119500,118000,118500,1404,0.0
2019-01-10 00:00:00,118500,120000,116500,118500,2927,0.0
2019-01-11 00:00:00,117500,119000,116500,118000,3992,-0.0042194092827003
2019-01-14 00:00:00,119500,119500,115500,118500,5570,0.0042372881355932
2019-01-15 00:00:00,120500,122000,119000,121000,12253,0.021097046413502
2019-01-16 00:00:00,121500,123000,120000,121500,7304,0.0041322314049587
2019-01-17 00:00:00,122500,124000,118000,118000,6899,-0.0288065843621398
2019-01-18 00:00:00,118500,120000,117500,118500,4689,0.0042372881355932
2019-01-21 00:00:00,119500,120000,118500,120000,6873,0.0126582278481013
2019-01-22 00:00:00,120000,122500,119000,122500,10643,0.0208333333333332
2019-01-23 00:00:00,122000,127000,121500,125000,16821,0.0204081632653061
2019-01-24 00:00:00,127000,129000,125500,127000,9885,0.016
2019-01-25 00:00:00,127000,129000,125000,125000,6683,-0.0157480314960629
2019-01-28 00:00:00,126000,129500,125000,127500,7489,0.02
2019-01-29 00:00:00,127500,129500,125000,125000,6500,-0.0196078431372549
2019-01-30 00:00:00,126000,140000,125500,140000,39702,0.1200000000000001
2019-01-31 00:00:00,140000,150500,134000,142000,25639,0.0142857142857142
2019-02-01 00:00:00,143000,153500,140500,150500,20892,0.0598591549295774
2019-02-07 00:00:00,153500,155000,148500,151500,10477,0.0066445182724252
2019-02-08 00:00:00,151000,151000,144000,146000,3717,-0.0363036303630363
2019-02-11 00:00:00,145000,149000,139500,141000,4571,-0.0342465753424657
2019-02-12 00:00:00,141000,143500,137000,138000,7206,-0.0212765957446808
2019-02-13 00:00:00,139000,142500,137000,138500,10812,0.0036231884057971
2019-02-14 00:00:00,141500,142000,136000,140000,7437,0.0108303249097472
2019-02-15 00:00:00,145000,145000,140000,142000,2287,0.0142857142857142
2019-02-18 00:00:00,142000,144500,141500,142000,3656,0.0
2019-02-19 00:00:00,142500,147000,141000,143000,8356,0.0070422535211267
2019-02-20 00:00:00,143500,148000,143500,145000,5712,0.0139860139860139
2019-02-21 00:00:00,147000,147500,139000,139500,7897,-0.0379310344827585
2019-02-22 00:00:00,140500,145000,138500,145000,8174,0.039426523297491
2019-02-25 00:00:00,146000,147500,142500,144500,7383,-0.0034482758620689
2019-02-26 00:00:00,142000,147500,141500,147500,8578,0.0207612456747405
2019-02-27 00:00:00,148500,149500,146000,148500,5871,0.0067796610169490006
2019-02-28 00:00:00,146000,149000,141000,143000,6399,-0.037037037037037
2019-03-04 00:00:00,137000,140000,134000,137500,14733,-0.0384615384615384
2019-03-05 00:00:00,137000,137500,132000,135500,7759,-0.0145454545454545
2019-03-06 00:00:00,134000,139500,134000,134500,7187,-0.007380073800738002
2019-03-07 00:00:00,134000,138000,134000,135000,4358,0.003717472118959
2019-03-08 00:00:00,132500,137000,131000,133500,6442,-0.011111111111111
2019-03-11 00:00:00,133000,134500,129500,130000,5441,-0.0262172284644194
2019-03-12 00:00:00,130500,146500,130500,141000,17422,0.0846153846153845
2019-03-13 00:00:00,142000,146500,141000,145000,6984,0.0283687943262411
2019-03-14 00:00:00,145000,150000,144000,149000,11180,0.0275862068965517
2019-03-15 00:00:00,147000,149000,142500,143500,9749,-0.0369127516778523
2019-03-18 00:00:00,144500,150000,141000,148500,6344,0.0348432055749128
2019-03-19 00:00:00,148500,148500,143000,143000,965,-0.037037037037037
2019-03-20 00:00:00,143000,143000,135500,137500,7412,-0.0384615384615384
2019-03-21 00:00:00,135500,140500,135000,135500,6409,-0.0145454545454545
2019-03-22 00:00:00,135500,138000,132500,136500,2664,0.0073800738007379
2019-03-25 00:00:00,134500,136500,132000,134000,1219,-0.0183150183150183
2019-03-26 00:00:00,135000,135500,133000,134500,1031,0.0037313432835821
2019-03-27 00:00:00,134500,135500,133500,135500,557,0.0074349442379182
2019-03-28 00:00:00,135500,138500,134500,136000,1882,0.0036900369003689
2019-03-29 00:00:00,136000,148000,136000,144500,8208,0.0625
2019-04-01 00:00:00,144000,145000,142000,143500,1288,-0.0069204152249134
2019-04-02 00:00:00,143500,143500,140500,140500,1417,-0.0209059233449477
2019-04-03 00:00:00,140000,145500,140000,143500,3232,0.0213523131672597
2019-04-04 00:00:00,142000,146000,142000,144500,2433,0.0069686411149825
2019-04-05 00:00:00,145500,147500,143000,146000,4317,0.0103806228373701
2019-04-08 00:00:00,147500,151000,146000,151000,7834,0.0342465753424656
2019-04-09 00:00:00,150000,151500,146000,149500,4333,-0.0099337748344371
2019-04-10 00:00:00,148000,148000,146000,147500,4249,-0.0133779264214046
2019-04-11 00:00:00,146500,151000,146000,151000,5256,0.0237288135593221
2019-04-12 00:00:00,151000,160000,146000,156000,6761,0.0331125827814569
2019-04-15 00:00:00,155500,155500,149000,151000,4079,-0.032051282051282014
2019-04-16 00:00:00,151000,151000,146500,148000,5025,-0.0198675496688741
2019-04-17 00:00:00,148000,151000,145000,147500,2936,-0.0033783783783783
2019-04-18 00:00:00,148000,150500,147000,147000,3981,-0.0033898305084745
2019-04-19 00:00:00,148000,148500,146500,147000,1740,0.0
2019-04-22 00:00:00,146500,148500,146500,147000,875,0.0
2019-04-23 00:00:00,149500,150000,147000,150000,1277,0.0204081632653061
2019-04-24 00:00:00,149500,151000,148000,148500,2460,-0.01
2019-04-25 00:00:00,148500,148500,145000,145000,3598,-0.0235690235690235
2019-04-26 00:00:00,145000,147500,144000,145000,3679,0.0
2019-04-29 00:00:00,145000,148000,141500,148000,7876,0.0206896551724138
2019-04-30 00:00:00,148000,148000,143500,147000,1680,-0.0067567567567567
2019-05-02 00:00:00,146500,149000,146500,149000,458,0.0136054421768707
2019-05-03 00:00:00,149000,149000,145000,147500,1774,-0.0100671140939597
2019-05-07 00:00:00,147000,151500,143500,145000,4995,-0.0169491525423728
2019-05-08 00:00:00,145000,147000,143500,145000,995,0.0
2019-05-09 00:00:00,146000,147500,142000,147500,2133,0.0172413793103447
2019-05-10 00:00:00,145000,147500,144500,145500,3622,-0.0135593220338983
2019-05-13 00:00:00,142000,148000,140500,145500,3746,0.0
2019-05-14 00:00:00,144500,149000,144000,148000,4344,0.0171821305841923
2019-05-15 00:00:00,146000,148500,143500,143500,2872,-0.0304054054054053
2019-05-16 00:00:00,143500,144500,142000,144500,2288,0.0069686411149825
2019-05-17 00:00:00,145000,145500,141500,142000,974,-0.0173010380622837
2019-05-20 00:00:00,142000,145000,141500,143000,531,0.0070422535211267
2019-05-21 00:00:00,143500,144500,142000,142000,611,-0.0069930069930069
2019-05-22 00:00:00,142000,144000,139000,139500,26293,-0.0176056338028168
2019-05-23 00:00:00,138500,140500,137000,139000,1363,-0.003584229390681
2019-05-24 00:00:00,135500,138500,134000,135000,4741,-0.0287769784172662
2019-05-27 00:00:00,130500,137000,130500,134500,1233,-0.0037037037037036
2019-05-28 00:00:00,137500,138500,129000,129000,5112,-0.0408921933085502
2019-05-29 00:00:00,131000,133500,131000,131000,2078,0.0155038759689922
2019-05-30 00:00:00,133000,134000,131500,131500,1573,0.0038167938931297
2019-05-31 00:00:00,131500,135000,130000,132500,3290,0.0076045627376426
2019-06-03 00:00:00,130500,134000,130500,132000,2237,-0.0037735849056603
2019-06-04 00:00:00,137500,139000,129500,130000,4763,-0.0151515151515151
2019-06-05 00:00:00,130000,133000,129500,131500,2285,0.0115384615384614
2019-06-07 00:00:00,131500,135000,131500,133000,1720,0.0114068441064638
2019-06-10 00:00:00,133000,135000,130500,131500,3064,-0.0112781954887217
2019-06-11 00:00:00,131000,140000,131000,138500,3525,0.0532319391634981
2019-06-12 00:00:00,141000,141500,133000,133000,6835,-0.03971119133574
2019-06-13 00:00:00,134000,134000,131000,131000,8101,-0.0150375939849624
2019-06-14 00:00:00,132000,132500,130000,132500,4912,0.0114503816793893
2019-06-17 00:00:00,132500,132500,128500,130000,5435,-0.0188679245283018
2019-06-18 00:00:00,130000,130500,127500,130000,4871,0.0
2019-06-19 00:00:00,130500,135500,129000,131500,3200,0.0115384615384614
2019-06-20 00:00:00,131500,133000,130500,130500,1799,-0.0076045627376425
2019-06-21 00:00:00,132000,133000,130000,133000,2365,0.0191570881226053
2019-06-24 00:00:00,133500,136000,132000,132500,7941,-0.0037593984962406
2019-06-25 00:00:00,132500,132500,130000,130000,4299,-0.0188679245283018
2019-06-26 00:00:00,129000,131000,129000,130000,868,0.0
2019-06-27 00:00:00,130500,131000,129500,130500,1397,0.0038461538461538
2019-06-28 00:00:00,129500,130000,126000,127500,4236,-0.0229885057471264
2019-07-01 00:00:00,133000,133000,127000,128500,2541,0.0078431372549019
2019-07-02 00:00:00,128000,131000,127000,127000,4751,-0.0116731517509727
2019-07-03 00:00:00,127000,129500,126500,128000,5325,0.0078740157480314
2019-07-04 00:00:00,128500,128500,126500,126500,857,-0.01171875
2019-07-05 00:00:00,126500,127500,126500,127000,715,0.0039525691699604
2019-07-08 00:00:00,127000,127000,123000,124000,2465,-0.0236220472440944
2019-07-09 00:00:00,124000,124000,120000,120500,1353,-0.0282258064516128
2019-07-10 00:00:00,120500,123500,120500,123500,1050,0.0248962655601658
2019-07-11 00:00:00,123500,123500,121000,122000,1579,-0.0121457489878542
2019-07-12 00:00:00,121000,122000,118000,119500,5422,-0.0204918032786884
2019-07-15 00:00:00,119000,119000,117500,118000,1350,-0.0125523012552301
2019-07-16 00:00:00,118500,121000,117500,118500,1375,0.0042372881355932
2019-07-17 00:00:00,118000,118500,116500,118500,1087,0.0
2019-07-18 00:00:00,118000,118500,117500,118500,759,0.0
2019-07-19 00:00:00,117500,118000,116000,117000,2924,-0.0126582278481012
2019-07-22 00:00:00,117000,117000,113000,114000,3228,-0.0256410256410256
2019-07-23 00:00:00,114000,115000,112500,114000,1689,0.0
2019-07-24 00:00:00,114000,114000,112000,113000,1829,-0.0087719298245614
2019-07-25 00:00:00,113000,113000,110000,112000,1751,-0.0088495575221239
2019-07-26 00:00:00,111000,111000,107500,107500,2238,-0.0401785714285714
2019-07-29 00:00:00,107000,108000,100000,103500,2082,-0.0372093023255813
2019-07-30 00:00:00,101000,108000,101000,106000,1076,0.0241545893719807
2019-07-31 00:00:00,105500,108500,104000,105500,551,-0.0047169811320755
2019-08-01 00:00:00,104500,108500,104000,105500,1795,0.0
2019-08-02 00:00:00,105000,106000,104000,106000,297,0.0047393364928909
2019-08-05 00:00:00,106000,106000,100000,101000,2459,-0.0471698113207547
2019-08-06 00:00:00,95100,102000,95100,97100,3336,-0.0386138613861386
2019-08-07 00:00:00,95200,101500,95200,100000,1776,0.0298661174047374
2019-08-08 00:00:00,100000,105000,100000,105000,1535,0.05
2019-08-09 00:00:00,106500,111500,101000,101000,6396,-0.038095238095238
2019-08-12 00:00:00,101000,104500,101000,103500,585,0.0247524752475247
2019-08-13 00:00:00,102500,104000,99800,100000,2307,-0.0338164251207729
2019-08-14 00:00:00,102000,102000,99400,99500,2716,-0.005
2019-08-16 00:00:00,99100,99100,95400,95600,5402,-0.0391959798994975
2019-08-19 00:00:00,95100,98500,95000,97900,4315,0.0240585774058577
2019-08-20 00:00:00,97200,99200,96500,98300,2249,0.0040858018386107
2019-08-21 00:00:00,98300,103500,96600,100500,2658,0.022380467955239
2019-08-22 00:00:00,100500,102000,100000,100000,1399,-0.0049751243781094
2019-08-23 00:00:00,100000,103000,100000,100000,1412,0.0
2019-08-26 00:00:00,99500,99500,96600,98000,1094,-0.02
2019-08-27 00:00:00,98100,100000,96000,96000,936,-0.0204081632653061
2019-08-28 00:00:00,96200,99700,96200,99500,737,0.0364583333333332
2019-08-29 00:00:00,99500,101500,99500,101000,451,0.015075376884422
2019-08-30 00:00:00,101000,102000,101000,101000,682,0.0
2019-09-02 00:00:00,101000,103000,98500,100500,2294,-0.0049504950495049
2019-09-03 00:00:00,100500,101500,99900,100000,828,-0.0049751243781094
2019-09-04 00:00:00,99800,99800,98700,98900,2678,-0.011
2019-09-05 00:00:00,99000,99700,97800,97900,9042,-0.0101112234580383
2019-09-06 00:00:00,99800,99800,97600,97800,4068,-0.0010214504596527
2019-09-09 00:00:00,97900,98000,96100,96300,4833,-0.0153374233128834
2019-09-10 00:00:00,97000,99300,96100,98600,4300,0.023883696780892995
2019-09-11 00:00:00,99000,104000,98900,104000,5106,0.0547667342799189
2019-09-16 00:00:00,106000,114000,104500,110000,9587,0.0576923076923077
2019-09-17 00:00:00,110500,111500,107000,107000,2853,-0.0272727272727272
2019-09-18 00:00:00,107000,108000,105500,106000,3397,-0.0093457943925233
2019-09-19 00:00:00,107000,108000,104000,104500,2971,-0.0141509433962264
2019-09-20 00:00:00,104000,107500,104000,107500,2816,0.0287081339712917
2019-09-23 00:00:00,108500,108500,104000,104000,3834,-0.0325581395348837
2019-09-24 00:00:00,105500,105500,103500,104500,2588,0.0048076923076922
2019-09-25 00:00:00,104500,105000,100500,101000,4624,-0.0334928229665071
2019-09-26 00:00:00,101500,102500,100000,100500,2126,-0.0049504950495049
2019-09-27 00:00:00,100000,102000,99700,99700,2292,-0.0079601990049751
2019-09-30 00:00:00,99700,100000,99000,99500,1224,-0.0020060180541624
2019-10-01 00:00:00,99500,103000,99500,102000,1623,0.0251256281407035
2019-10-02 00:00:00,102000,104000,101000,101000,3549,-0.0098039215686274
2019-10-04 00:00:00,101000,101500,98700,99700,2138,-0.0128712871287128
2019-10-07 00:00:00,99500,100000,98300,100000,1832,0.0030090270812437
2019-10-08 00:00:00,99900,102500,98700,102000,2328,0.02
2019-10-10 00:00:00,102000,102000,99900,100500,1612,-0.0147058823529411
2019-10-11 00:00:00,100500,102500,100000,100500,1382,0.0
2019-10-14 00:00:00,100000,101500,100000,100500,2128,0.0
2019-10-15 00:00:00,100500,102000,99800,100500,2867,0.0
2019-10-16 00:00:00,100500,101500,100000,101500,3619,0.0099502487562188
2019-10-17 00:00:00,102000,102000,100000,100500,998,-0.0098522167487684
2019-10-18 00:00:00,101000,103500,100500,102500,6218,0.0199004975124377
2019-10-21 00:00:00,103000,103000,100000,100000,2224,-0.024390243902439
2019-10-22 00:00:00,100500,102000,100000,100500,1213,0.0049999999999998
2019-10-23 00:00:00,100000,100500,99500,99700,2713,-0.0079601990049751
2019-10-24 00:00:00,100000,101500,99900,101000,2115,0.013039117352056005
2019-10-25 00:00:00,101000,101500,100000,100500,592,-0.0049504950495049
2019-10-28 00:00:00,100000,100500,99300,99500,3286,-0.0099502487562188
2019-10-29 00:00:00,99600,100000,99100,99100,2282,-0.0040201005025125
2019-10-30 00:00:00,99200,99900,98800,98800,2219,-0.0030272452068617
2019-10-31 00:00:00,100000,100000,98200,98200,1888,-0.0060728744939271
2019-11-01 00:00:00,98500,98500,96600,97100,3369,-0.0112016293279022
2019-11-04 00:00:00,98000,99400,97500,98000,1585,0.0092687950566425
2019-11-05 00:00:00,98000,98800,97200,97800,1844,-0.0020408163265306
2019-11-06 00:00:00,97800,100500,97700,99800,3083,0.0204498977505112
2019-11-07 00:00:00,99800,99800,96600,98400,1623,-0.0140280561122244
2019-11-08 00:00:00,98600,99500,98400,98500,750,0.0010162601626015
2019-11-11 00:00:00,98500,99700,97700,99400,1846,0.0091370558375634
2019-11-12 00:00:00,99400,99700,98700,99400,564,0.0
2019-11-13 00:00:00,99500,99700,98700,98800,678,-0.0060362173038229
2019-11-14 00:00:00,98800,99000,98700,98700,440,-0.0010121457489878
2019-11-15 00:00:00,98500,100000,97800,98900,1095,0.0020263424518742
2019-11-18 00:00:00,98000,99400,98000,98200,1365,-0.0070778564206268
2019-11-19 00:00:00,97800,99500,97100,97100,1636,-0.0112016293279022
2019-11-20 00:00:00,97300,98100,96500,97300,2408,0.0020597322348094
2019-11-21 00:00:00,97400,97900,89900,93000,7877,-0.0441932168550873
2019-11-22 00:00:00,93600,93800,90700,92100,2910,-0.0096774193548386
2019-11-25 00:00:00,91300,94800,91000,94100,956,0.02171552660152
2019-11-26 00:00:00,94100,97500,93400,97400,2871,0.0350690754516471
2019-11-27 00:00:00,99200,99200,95900,96900,544,-0.0051334702258727
2019-11-28 00:00:00,96600,97400,95900,96600,1030,-0.0030959752321981
2019-11-29 00:00:00,96600,96700,95500,96700,760,0.0010351966873705
2019-12-02 00:00:00,96600,97300,95900,96100,614,-0.0062047569803516
2019-12-03 00:00:00,96100,96100,92200,95600,1093,-0.0052029136316337
2019-12-04 00:00:00,95600,95600,93000,93600,1039,-0.0209205020920502
2019-12-05 00:00:00,93400,94400,92500,92600,882,-0.0106837606837606
2019-12-06 00:00:00,91800,94000,91100,92900,454,0.0032397408207343
2019-12-09 00:00:00,91900,92900,91900,92400,845,-0.0053821313240043
2019-12-10 00:00:00,92600,92900,92300,92600,110,0.0021645021645022
2019-12-11 00:00:00,92600,93000,92000,92600,1276,0.0
2019-12-12 00:00:00,93000,93900,92700,93000,2338,0.0043196544276458
2019-12-13 00:00:00,93100,94800,93100,93300,1403,0.0032258064516128
2019-12-16 00:00:00,93400,94500,93400,94400,1166,0.0117899249732047
2019-12-17 00:00:00,94800,95400,93700,95400,920,0.0105932203389831
2019-12-18 00:00:00,95400,95400,94500,94900,873,-0.0052410901467505
2019-12-19 00:00:00,94800,96000,94500,96000,1046,0.011591148577450002
2019-12-20 00:00:00,96000,97700,96000,97700,2466,0.0177083333333334
2019-12-23 00:00:00,97700,97700,96400,97000,1050,-0.007164790174002
2019-12-24 00:00:00,97100,97400,94500,95600,2329,-0.0144329896907215
2019-12-26 00:00:00,95700,96800,95700,96500,3836,0.0094142259414224
2019-12-27 00:00:00,94100,95000,94100,94800,999,-0.0176165803108808
2019-12-30 00:00:00,95200,95200,93300,93400,1481,-0.0147679324894515
2020-01-02 00:00:00,93600,93600,92500,93100,1396,-0.0032119914346895
2020-01-03 00:00:00,94800,94800,92900,93500,959,0.004296455424275
2020-01-06 00:00:00,93000,93000,91000,91300,2115,-0.0235294117647059
2020-01-07 00:00:00,91700,92800,91200,91500,1557,0.0021905805038335
2020-01-08 00:00:00,91300,91700,90300,90300,1431,-0.0131147540983606
2020-01-09 00:00:00,90500,92500,81500,88600,6512,-0.0188261351052049
2020-01-10 00:00:00,88600,90500,88500,90500,2101,0.0214446952595936
2020-01-13 00:00:00,88300,92300,88300,90500,2241,0.0
2020-01-14 00:00:00,95700,95700,91000,92000,1942,0.0165745856353591
2020-01-15 00:00:00,92000,93000,91000,92500,2062,0.0054347826086955
2020-01-16 00:00:00,91700,92500,90600,91400,1997,-0.0118918918918918
2020-01-17 00:00:00,91800,91800,90500,90500,1135,-0.0098468271334791
2020-01-20 00:00:00,90500,91200,89000,89200,2602,-0.0143646408839779
2020-01-21 00:00:00,89200,89900,87000,87100,4603,-0.023542600896861
2020-01-22 00:00:00,87000,87300,86200,87000,2579,-0.0011481056257175
2020-01-23 00:00:00,87000,87500,85100,85600,2840,-0.0160919540229884
2020-01-28 00:00:00,81500,84400,81500,83100,2175,-0.0292056074766354
2020-01-29 00:00:00,83100,83400,81700,82000,3177,-0.01323706377858
2020-01-30 00:00:00,82300,83000,79900,79900,1901,-0.025609756097561
2020-01-31 00:00:00,80200,80200,76600,77500,5106,-0.0300375469336671
2020-02-03 00:00:00,77500,77500,74900,77400,3083,-0.0012903225806452
2020-02-04 00:00:00,77400,78400,76700,76800,2778,-0.0077519379844961
2020-02-05 00:00:00,78500,79500,75300,75800,4371,-0.0130208333333333
2020-02-06 00:00:00,75800,78300,75800,77300,12978,0.0197889182058046
2020-02-07 00:00:00,77600,79400,76500,77200,6470,-0.001293661060802
2020-02-10 00:00:00,77000,80000,76800,79300,6182,0.0272020725388602
2020-02-11 00:00:00,79400,81500,78800,81500,8888,0.0277427490542243
2020-02-12 00:00:00,81100,82100,80200,82000,3278,0.0061349693251533
2020-02-13 00:00:00,82200,83500,81600,83300,3652,0.0158536585365853
2020-02-14 00:00:00,81700,83300,80800,81000,4513,-0.027611044417767003
2020-02-17 00:00:00,82000,82000,79500,81000,4469,0.0
2020-02-18 00:00:00,81100,81400,79400,80300,2209,-0.0086419753086419
2020-02-19 00:00:00,80700,80700,77600,79000,3618,-0.0161892901618928
2020-02-20 00:00:00,78000,79100,76300,77400,4496,-0.020253164556962
2020-02-21 00:00:00,77400,77800,75100,75200,3511,-0.028423772609819
2020-02-24 00:00:00,75000,75000,72300,72600,4246,-0.0345744680851063
2020-02-25 00:00:00,71700,75400,71700,75200,2119,0.0358126721763085
2020-02-26 00:00:00,74900,77100,73500,76900,2044,0.0226063829787233
2020-02-27 00:00:00,77100,77200,75600,75600,2879,-0.0169050715214564
2020-02-28 00:00:00,75600,75600,72500,72600,3707,-0.0396825396825396
2020-03-02 00:00:00,72600,75500,71000,74700,1652,0.0289256198347107
2020-03-03 00:00:00,75100,79200,75000,76200,2317,0.0200803212851405
2020-03-04 00:00:00,76000,79000,75500,77900,2805,0.0223097112860892
2020-03-05 00:00:00,78000,78500,77200,77800,1403,-0.0012836970474967
2020-03-06 00:00:00,77800,78600,77000,78400,1600,0.0077120822622107
2020-03-09 00:00:00,78000,78000,72600,73400,4196,-0.0637755102040816
2020-03-10 00:00:00,70600,74800,70500,74000,3703,0.0081743869209809
2020-03-11 00:00:00,74500,75500,72100,73900,2325,-0.0013513513513513
2020-03-12 00:00:00,73400,73400,71100,72300,7096,-0.0216508795669824
2020-03-13 00:00:00,68100,72000,63100,69400,5657,-0.0401106500691562
2020-03-16 00:00:00,69200,70500,67200,69500,2351,0.0014409221902016
2020-03-17 00:00:00,63500,69200,63500,67800,1943,-0.0244604316546762
2020-03-18 00:00:00,67900,71000,67900,68600,4982,0.0117994100294984
2020-03-19 00:00:00,68500,68500,58300,60000,6081,-0.1253644314868804
2020-03-20 00:00:00,59900,60100,57200,57200,11475,-0.0466666666666666
2020-03-23 00:00:00,54300,54300,51000,51800,6508,-0.0944055944055943
2020-03-24 00:00:00,52000,53800,50600,53100,5999,0.0250965250965251
2020-03-25 00:00:00,55700,60500,54400,58500,15447,0.1016949152542372
2020-03-26 00:00:00,58700,63200,57700,60000,6931,0.0256410256410255
2020-03-27 00:00:00,61500,64100,59500,60000,7607,0.0
2020-03-30 00:00:00,59700,59700,58200,58400,6426,-0.0266666666666666
2020-03-31 00:00:00,59300,64900,59200,61400,12544,0.0513698630136987
2020-04-01 00:00:00,61300,64400,61100,61800,11720,0.006514657980456
2020-04-02 00:00:00,62000,64700,62000,64500,5808,0.0436893203883494
2020-04-03 00:00:00,68000,69300,64700,66000,7279,0.0232558139534884
2020-04-06 00:00:00,67000,67100,65200,67000,6623,0.0151515151515151
2020-04-07 00:00:00,67300,68600,67300,67500,7620,0.007462686567164
2020-04-08 00:00:00,67800,72000,67000,71500,6742,0.0592592592592593
2020-04-09 00:00:00,72000,92800,72000,75700,15234,0.0587412587412587
2020-04-10 00:00:00,75700,78400,74500,76100,14381,0.0052840158520475
2020-04-13 00:00:00,76200,76800,75000,76300,5230,0.002628120893561
2020-04-14 00:00:00,76300,78900,76200,76800,5202,0.0065530799475752
2020-04-16 00:00:00,77500,80900,76000,80400,13739,0.046875
2020-04-17 00:00:00,84900,87000,81500,82100,15743,0.0211442786069651
2020-04-20 00:00:00,83900,88100,82500,85500,20487,0.0414129110840437
2020-04-21 00:00:00,86200,89000,79200,83700,24041,-0.0210526315789473
2020-04-22 00:00:00,81500,103000,78000,89900,112118,0.0740740740740741
2020-04-23 00:00:00,87900,88500,85300,86100,22961,-0.0422691879866518
2020-04-24 00:00:00,84300,85500,82000,83200,9723,-0.0336817653890824
2020-04-27 00:00:00,83200,84000,82000,82800,10253,-0.0048076923076922
2020-04-28 00:00:00,83200,85400,81100,84800,12840,0.0241545893719807
2020-04-29 00:00:00,84800,86900,83300,85900,13764,0.0129716981132075
2020-05-04 00:00:00,86400,87900,85200,85400,8380,-0.0058207217694994
2020-05-06 00:00:00,85600,86900,84700,86500,9424,0.0128805620608898
2020-05-07 00:00:00,88900,88900,86500,87200,8459,0.0080924855491328
2020-05-08 00:00:00,87200,87900,86800,87500,6108,0.0034403669724769
2020-05-11 00:00:00,87500,88600,86100,87600,6337,0.0011428571428571
2020-05-12 00:00:00,86600,88000,84900,85000,7760,-0.0296803652968036
2020-05-13 00:00:00,84900,84900,83200,84500,4386,-0.0058823529411764
2020-05-14 00:00:00,84400,84800,83200,83700,4193,-0.0094674556213018
2020-05-15 00:00:00,85300,90000,85300,88400,21160,0.0561529271206691
2020-05-18 00:00:00,88400,88500,86400,86400,3646,-0.0226244343891403
2020-05-19 00:00:00,87200,87400,85000,85100,9674,-0.0150462962962962
2020-05-20 00:00:00,85700,86000,84500,85500,4923,0.0047003525264395
2020-05-21 00:00:00,85500,85900,84600,84600,3933,-0.0105263157894737
2020-05-22 00:00:00,84500,84600,83300,83400,4671,-0.0141843971631205
2020-05-25 00:00:00,84100,84100,82500,83300,5652,-0.0011990407673860002
2020-05-26 00:00:00,83300,84300,83300,84100,4962,0.0096038415366146
2020-05-27 00:00:00,84100,84600,83700,84300,3995,0.0023781212841855
2020-05-28 00:00:00,84300,85300,82600,83100,5487,-0.0142348754448398
2020-05-29 00:00:00,83800,83800,81000,81000,6427,-0.0252707581227437
2020-06-01 00:00:00,82500,83700,81800,83200,5213,0.0271604938271605
2020-06-02 00:00:00,83700,84200,83000,84200,4173,0.0120192307692308
2020-06-03 00:00:00,84300,86200,84300,85400,11269,0.0142517814726841
2020-06-04 00:00:00,85900,86200,84900,85200,4978,-0.0023419203747072
2020-06-05 00:00:00,85200,86400,84900,86200,3347,0.0117370892018779
2020-06-08 00:00:00,86200,86700,85100,86600,6205,0.0046403712296982
2020-06-09 00:00:00,86900,87500,84900,85300,5406,-0.0150115473441108
2020-06-10 00:00:00,86200,86500,85200,85900,2655,0.0070339976553341
2020-06-11 00:00:00,85500,85700,83000,84000,5165,-0.0221187427240977
2020-06-12 00:00:00,81500,83200,79800,81900,9280,-0.025
2020-06-15 00:00:00,81500,82100,80500,80500,8504,-0.0170940170940171
2020-06-16 00:00:00,81100,83300,81100,83100,3812,0.0322981366459627
2020-06-17 00:00:00,83000,83000,81300,82000,2951,-0.01323706377858
2020-06-18 00:00:00,82700,82700,81000,81300,2788,-0.0085365853658536
2020-06-19 00:00:00,82500,83500,80700,80700,6026,-0.007380073800738002
2020-06-22 00:00:00,80800,83200,80300,81600,4578,0.0111524163568772
2020-06-23 00:00:00,81600,83100,80800,81100,4149,-0.0061274509803921
2020-06-24 00:00:00,81500,82100,81200,82100,2352,0.0123304562268804
2020-06-25 00:00:00,82100,82100,80900,81900,1413,-0.0024360535931789
2020-06-26 00:00:00,81900,82900,80800,81800,2557,-0.0012210012210012
2020-06-29 00:00:00,81400,81700,80800,81200,1762,-0.0073349633251833
2020-06-30 00:00:00,81800,82000,81500,81600,1495,0.0049261083743843
2020-07-01 00:00:00,81700,82500,81000,81200,1185,-0.0049019607843137
2020-07-02 00:00:00,82400,82400,81000,81100,1938,-0.001231527093596
2020-07-03 00:00:00,81600,81700,81000,81200,2035,0.0012330456226881
2020-07-06 00:00:00,81600,82800,81000,81800,1718,0.0073891625615762
2020-07-07 00:00:00,81500,82300,81300,81300,1556,-0.0061124694376527
2020-07-08 00:00:00,81500,81800,80900,81300,1854,0.0
2020-07-09 00:00:00,82000,82300,80800,80800,2886,-0.006150061500615
2020-07-10 00:00:00,80700,81000,80000,80600,1478,-0.0024752475247524
2020-07-13 00:00:00,81300,81300,80300,80700,1651,0.0012406947890819
2020-07-14 00:00:00,80800,81800,80300,80500,3614,-0.0024783147459727
2020-07-15 00:00:00,81000,81100,80300,80400,1905,-0.0012422360248447
2020-07-16 00:00:00,78000,79100,76700,78600,7641,-0.0223880597014924
2020-07-17 00:00:00,79100,80600,78800,80600,3037,0.025445292620865
2020-07-20 00:00:00,80900,81600,80200,80600,2601,0.0
2020-07-21 00:00:00,81000,81700,80300,81600,3074,0.0124069478908188
2020-07-22 00:00:00,81700,83700,81700,82100,6882,0.0061274509803921
2020-07-23 00:00:00,82100,82800,81100,82800,3374,0.0085261875761266
2020-07-24 00:00:00,83100,83300,81700,83000,4325,0.002415458937198
2020-07-27 00:00:00,83300,85400,82800,85300,6390,0.027710843373494
2020-07-28 00:00:00,85300,85900,83700,83700,2865,-0.0187573270808909
2020-07-29 00:00:00,83700,85300,82700,84500,2804,0.0095579450418159
2020-07-30 00:00:00,84500,85600,83300,84700,4350,0.0023668639053253
2020-07-31 00:00:00,85000,86000,84300,84900,3902,0.0023612750885477
2020-08-03 00:00:00,85500,85500,83900,85000,2719,0.0011778563015312
2020-08-04 00:00:00,86400,89200,85000,87400,11627,0.0282352941176471
2020-08-05 00:00:00,88100,88800,85600,88700,6677,0.0148741418764302
2020-08-06 00:00:00,88100,89200,88100,88800,6426,0.0011273957158963
2020-08-07 00:00:00,88800,89500,87500,88700,5185,-0.0011261261261261
2020-08-10 00:00:00,89900,93000,89900,90300,7754,0.0180383314543404
2020-08-11 00:00:00,90300,91000,89200,89500,4432,-0.0088593576965669
2020-08-12 00:00:00,89500,90300,89400,89700,3151,0.0022346368715084
2020-08-13 00:00:00,91000,91000,88800,90200,3726,0.0055741360089185
2020-08-14 00:00:00,90200,90700,88400,90000,5099,-0.0022172949002217
2020-08-18 00:00:00,89900,89900,83600,84100,5577,-0.0655555555555555
2020-08-19 00:00:00,85000,85000,82000,82200,7194,-0.0225921521997621
2020-08-20 00:00:00,82400,82400,78100,78200,7149,-0.048661800486618
2020-08-21 00:00:00,80200,80300,77800,79000,3337,0.0102301790281329
2020-08-24 00:00:00,78900,79800,78500,79200,2878,0.0025316455696202
2020-08-25 00:00:00,79400,80500,79000,79600,2387,0.0050505050505049
2020-08-26 00:00:00,79800,79800,78800,79200,2890,-0.0050251256281407
2020-08-27 00:00:00,79600,79700,78800,79200,3170,0.0
2020-08-28 00:00:00,79500,80900,78800,79300,3463,0.0012626262626262
2020-08-31 00:00:00,79700,80600,79000,79000,4919,-0.0037831021437578
2020-09-01 00:00:00,79500,79600,79100,79200,6154,0.0025316455696202
2020-09-02 00:00:00,79600,80000,79100,80000,2947,0.0101010101010101
2020-09-03 00:00:00,80000,81700,79800,80500,2832,0.00625
2020-09-04 00:00:00,78900,80200,78600,79600,3404,-0.0111801242236024
2020-09-07 00:00:00,80100,80300,79300,79700,6081,0.0012562814070351
2020-09-08 00:00:00,79800,80400,79700,80000,4268,0.0037641154328733
2020-09-09 00:00:00,79800,80000,79100,79900,5427,-0.0012499999999999
2020-09-10 00:00:00,80100,80400,79000,80100,7987,0.002503128911139
2020-09-11 00:00:00,80100,80200,79200,80000,2673,-0.0012484394506866
2020-09-14 00:00:00,80300,81500,79900,81300,5148,0.01625
2020-09-15 00:00:00,82000,82300,80200,81300,5694,0.0
2020-09-16 00:00:00,81200,81900,80500,80900,2406,-0.004920049200492001
2020-09-17 00:00:00,80900,82200,79000,81400,6787,0.0061804697156984
2020-09-18 00:00:00,81900,82000,80000,80200,4148,-0.0147420147420147
2020-09-21 00:00:00,80000,82000,79800,80400,1954,0.0024937655860348
2020-09-22 00:00:00,80400,80400,79000,79200,3155,-0.0149253731343284
2020-09-23 00:00:00,79100,79700,79000,79100,1566,-0.0012626262626262
2020-09-24 00:00:00,78000,79900,78000,79100,3496,0.0
2020-09-25 00:00:00,78900,80400,78800,79000,1706,-0.0012642225031606
2020-09-28 00:00:00,79500,81300,78800,79600,1671,0.0075949367088608
2020-09-29 00:00:00,79900,82100,79900,82000,4726,0.0301507537688441
2020-10-05 00:00:00,82200,82300,81200,82300,1345,0.0036585365853658
2020-10-06 00:00:00,82600,82600,81400,82500,4749,0.0024301336573511
2020-10-07 00:00:00,83400,83800,81500,83600,3736,0.0133333333333334
2020-10-08 00:00:00,83700,83700,83000,83200,2737,-0.0047846889952153
2020-10-12 00:00:00,83200,83400,82500,82600,2516,-0.0072115384615384
2020-10-13 00:00:00,83000,86900,82000,86600,16333,0.0484261501210654
2020-10-14 00:00:00,86600,86600,83200,83200,5743,-0.0392609699769053
2020-10-15 00:00:00,82800,84000,82600,83200,1619,0.0
2020-10-16 00:00:00,83100,84200,81600,81700,3823,-0.0180288461538461
2020-10-19 00:00:00,81800,83200,81600,83200,1287,0.018359853121175
2020-10-20 00:00:00,82900,83700,81900,83100,3718,-0.0012019230769231
2020-10-21 00:00:00,82100,83000,82100,82500,1813,-0.0072202166064981
2020-10-22 00:00:00,82500,83100,82000,82500,2202,0.0
2020-10-23 00:00:00,82500,84000,82500,82900,1642,0.0048484848484848
2020-10-26 00:00:00,83200,83200,81900,82000,3162,-0.0108564535585041
2020-10-27 00:00:00,81600,82400,79600,80300,9568,-0.0207317073170731
2020-10-28 00:00:00,80200,82000,79200,82000,2452,0.0211706102117061
2020-10-29 00:00:00,81700,81700,80700,80900,873,-0.0134146341463414
2020-10-30 00:00:00,81300,81300,79600,79700,2103,-0.0148331273176761
2020-11-02 00:00:00,79900,81100,79800,81000,1514,0.0163111668757842
2020-11-03 00:00:00,80200,81900,80200,80800,3361,-0.0024691358024691
2020-11-04 00:00:00,80800,82000,80600,81200,3006,0.0049504950495049
2020-11-05 00:00:00,81200,82600,80900,82000,5500,0.0098522167487684
2020-11-06 00:00:00,82100,82200,81800,81800,832,-0.0024390243902439
2020-11-09 00:00:00,81900,83100,81900,82900,5334,0.0134474327628362
2020-11-10 00:00:00,83200,84200,82900,83600,12609,0.008443908323281
2020-11-11 00:00:00,83700,87900,83600,87600,12499,0.0478468899521531
2020-11-12 00:00:00,87600,88200,87200,88000,5500,0.004566210045662
2020-11-13 00:00:00,87200,88200,86000,87600,3794,-0.0045454545454545
2020-11-16 00:00:00,87700,88700,86000,88400,4432,0.0091324200913243
2020-11-17 00:00:00,89200,96300,89200,94500,27081,0.0690045248868778
2020-11-18 00:00:00,94700,97200,94500,96100,7981,0.016931216931217
2020-11-19 00:00:00,95100,97100,95100,96800,3609,0.0072840790842871
2020-11-20 00:00:00,96000,96000,92000,92100,5532,-0.0485537190082644
2020-11-23 00:00:00,92000,93300,90400,92600,5496,0.00542888165038
2020-11-24 00:00:00,92100,92900,91300,91600,3134,-0.0107991360691144
2020-11-25 00:00:00,91800,92000,89400,90300,4877,-0.0141921397379912
2020-11-26 00:00:00,90000,91400,89600,90100,2401,-0.0022148394241418
2020-11-27 00:00:00,90100,93400,89900,92100,3302,0.0221975582685904
2020-11-30 00:00:00,92100,93100,92000,92200,2454,0.001085776330076
2020-12-01 00:00:00,92500,93100,91600,92200,4235,0.0
2020-12-02 00:00:00,92300,96900,92000,95500,9023,0.0357917570498915
2020-12-03 00:00:00,96300,102000,96300,101000,16034,0.0575916230366491
2020-12-04 00:00:00,101500,109500,101500,109000,16041,0.0792079207920792
2020-12-07 00:00:00,111000,111500,105500,111500,9794,0.0229357798165137
2020-12-08 00:00:00,111500,111500,103000,108000,18429,-0.0313901345291479
2020-12-09 00:00:00,106500,107000,102000,102500,24201,-0.0509259259259259
2020-12-10 00:00:00,102500,108500,102000,106000,18336,0.0341463414634146
2020-12-11 00:00:00,106500,111500,104500,111500,8035,0.0518867924528301
2020-12-14 00:00:00,111500,112000,106000,106500,7287,-0.0448430493273542
2020-12-15 00:00:00,107000,107000,104000,104500,3215,-0.0187793427230047
2020-12-16 00:00:00,105500,105500,103500,104000,3070,-0.0047846889952153
2020-12-17 00:00:00,104500,104500,103000,103000,5797,-0.0096153846153845
2020-12-18 00:00:00,104000,107500,103500,107000,11768,0.0388349514563106
2020-12-21 00:00:00,107000,108000,103000,105500,4814,-0.0140186915887849
2020-12-22 00:00:00,104500,111500,104500,107500,10425,0.0189573459715639
2020-12-23 00:00:00,108500,111000,106500,107000,6856,-0.0046511627906976
2020-12-24 00:00:00,107000,110500,107000,109000,6127,0.0186915887850467
2020-12-28 00:00:00,110000,110000,107500,108500,10569,-0.0045871559633027
2020-12-29 00:00:00,104500,110000,103500,104000,6998,-0.0414746543778802
2020-12-30 00:00:00,104500,105500,103000,105000,6149,0.0096153846153845
2021-01-04 00:00:00,103500,108000,103000,106000,9514,0.0095238095238094
2021-01-05 00:00:00,106000,106000,103500,105500,8875,-0.0047169811320755
2021-01-06 00:00:00,106500,108000,104500,104500,8368,-0.0094786729857819
2021-01-07 00:00:00,105000,108500,105000,108000,14738,0.0334928229665072
2021-01-08 00:00:00,108500,109500,106500,107500,6509,-0.0046296296296296
2021-01-11 00:00:00,109000,111500,105500,109000,13920,0.013953488372093002
2021-01-12 00:00:00,109000,110000,106000,108000,16434,-0.0091743119266054
2021-01-13 00:00:00,110000,113000,107500,108500,18318,0.0046296296296295
2021-01-14 00:00:00,109000,109500,107500,107500,4589,-0.0092165898617511
2021-01-15 00:00:00,108000,109000,106000,109000,4977,0.013953488372093002
2021-01-18 00:00:00,108500,108500,105000,106000,7014,-0.0275229357798164
2021-01-19 00:00:00,108000,111000,105500,111000,21467,0.0471698113207548
2021-01-20 00:00:00,114000,114000,109000,111000,7300,0.0
2021-01-21 00:00:00,111500,114000,109500,112500,8569,0.0135135135135135
2021-01-22 00:00:00,113500,118000,112500,115500,13967,0.0266666666666666
2021-01-25 00:00:00,117000,118500,112500,113000,11866,-0.0216450216450216
2021-01-26 00:00:00,114000,114000,109000,110500,9794,-0.0221238938053097
2021-01-27 00:00:00,110500,111000,107000,107500,11850,-0.0271493212669683
2021-01-28 00:00:00,106000,107000,103000,105500,9552,-0.0186046511627907
2021-01-29 00:00:00,106000,106000,99700,104500,20077,-0.0094786729857819
2021-02-01 00:00:00,104500,108500,103000,108500,7242,0.0382775119617224
2021-02-02 00:00:00,108500,111500,107500,110000,7409,0.0138248847926267
2021-02-03 00:00:00,111000,114500,109500,114000,11624,0.0363636363636363
2021-02-04 00:00:00,117000,120000,109000,111500,32595,-0.0219298245614034
2021-02-05 00:00:00,113500,116000,112500,115500,10389,0.0358744394618835
2021-02-08 00:00:00,117000,119000,115000,115500,7111,0.0
2021-02-09 00:00:00,116500,116500,112500,113000,7282,-0.0216450216450216
2021-02-10 00:00:00,113000,114000,110500,111500,7890,-0.0132743362831858
2021-02-15 00:00:00,112500,113000,110500,113000,5277,0.0134529147982063
2021-02-16 00:00:00,114000,114500,111000,113000,5158,0.0
2021-02-17 00:00:00,113000,115000,111000,114500,5687,0.0132743362831857
2021-02-18 00:00:00,114000,114500,113500,113500,2882,-0.0087336244541484
2021-02-19 00:00:00,113500,114500,110000,112500,3932,-0.0088105726872246
2021-02-22 00:00:00,112000,112500,110000,110000,3803,-0.0222222222222222
2021-02-23 00:00:00,108000,114000,107000,112500,8496,0.0227272727272727
2021-02-24 00:00:00,112500,115500,108000,115500,11584,0.0266666666666666
2021-02-25 00:00:00,116000,119500,113000,119500,23026,0.0346320346320345
2021-02-26 00:00:00,117000,117500,114000,116000,11284,-0.0292887029288703
2021-03-02 00:00:00,117500,119000,115500,117000,5465,0.0086206896551723
2021-03-03 00:00:00,118000,118000,115500,117000,3484,0.0
2021-03-04 00:00:00,117000,118500,115500,117500,3525,0.0042735042735042
2021-03-05 00:00:00,117500,117500,114500,116500,3253,-0.0085106382978723
2021-03-08 00:00:00,116500,116500,113000,113000,6110,-0.0300429184549356
2021-03-09 00:00:00,112000,115500,108500,115500,9610,0.0221238938053096
2021-03-10 00:00:00,116000,116500,113500,115000,5175,-0.0043290043290042
2021-03-11 00:00:00,116500,117500,115000,115500,4383,0.0043478260869564
2021-03-12 00:00:00,116500,117500,114000,117000,3146,0.0129870129870128
2021-03-15 00:00:00,117500,117500,114500,116500,5045,-0.0042735042735042
2021-03-16 00:00:00,116500,117500,116500,117000,4121,0.0042918454935623
2021-03-17 00:00:00,118000,119500,117000,119000,5988,0.017094017094017
2021-03-18 00:00:00,119500,123500,119500,122000,9351,0.0252100840336133
2021-03-19 00:00:00,120500,123500,119500,121500,10159,-0.0040983606557376
2021-03-22 00:00:00,120500,123500,120500,123000,3436,0.0123456790123457
2021-03-23 00:00:00,123000,129500,122000,125000,13954,0.0162601626016261
2021-03-24 00:00:00,128000,135500,124500,132500,23758,0.06
2021-03-25 00:00:00,132000,140000,130500,132500,11940,0.0
2021-03-26 00:00:00,135500,143500,135000,141000,29416,0.0641509433962264
2021-03-29 00:00:00,145000,165000,142000,161500,56466,0.1453900709219857
2021-03-30 00:00:00,162500,174500,150500,154000,46985,-0.0464396284829721
2021-03-31 00:00:00,154000,169000,153500,168000,44086,0.0909090909090908
2021-04-01 00:00:00,168000,169000,160500,162000,18332,-0.0357142857142857
2021-04-02 00:00:00,162000,164000,154000,159500,31239,-0.015432098765432
2021-04-05 00:00:00,159500,161500,155000,156500,16027,-0.018808777429467
2021-04-06 00:00:00,155500,159000,154500,154500,12678,-0.012779552715655002
2021-04-07 00:00:00,157000,157000,151500,155000,11655,0.0032362459546926
2021-04-08 00:00:00,156000,159000,154000,157000,19991,0.0129032258064516
2021-04-09 00:00:00,157500,157500,151500,153500,10943,-0.0222929936305732
2021-04-12 00:00:00,153500,154500,147000,148000,16911,-0.0358306188925081
2021-04-13 00:00:00,148500,152000,148000,148500,8962,0.0033783783783782
2021-04-14 00:00:00,149000,152500,147000,152500,11260,0.026936026936027004
2021-04-15 00:00:00,152500,152500,149500,149500,5038,-0.0196721311475409
2021-04-16 00:00:00,150500,153500,147500,150000,22752,0.0033444816053511
2021-04-19 00:00:00,150000,153000,148000,149000,12826,-0.0066666666666667
2021-04-20 00:00:00,147000,153000,147000,153000,9210,0.0268456375838925
2021-04-21 00:00:00,153000,155500,151000,154000,14930,0.0065359477124182
2021-04-22 00:00:00,154500,156500,153000,156500,12280,0.0162337662337661
2021-04-23 00:00:00,157500,158500,154500,156000,10271,-0.0031948881789137
2021-04-26 00:00:00,156000,156500,152500,153500,7755,-0.016025641025641003
2021-04-27 00:00:00,153500,160000,150500,160000,18015,0.0423452768729641
2021-04-28 00:00:00,159000,160500,152500,152500,13418,-0.046875
2021-04-29 00:00:00,152500,153500,148000,151500,8025,-0.0065573770491803
2021-04-30 00:00:00,152000,153000,148000,148500,7090,-0.0198019801980198
2021-05-03 00:00:00,149000,151000,146500,148000,5702,-0.0033670033670033
2021-05-04 00:00:00,149000,149000,140500,145000,10481,-0.0202702702702702
2021-05-06 00:00:00,144000,149500,142000,148500,5108,0.0241379310344826
2021-05-07 00:00:00,149000,158500,148000,158000,20072,0.063973063973064
2021-05-10 00:00:00,160000,162000,155500,161000,15744,0.018987341772152
2021-05-11 00:00:00,159000,172500,157500,170500,31254,0.0590062111801241
2021-05-12 00:00:00,174000,179000,160500,166500,27907,-0.0234604105571847
2021-05-13 00:00:00,163500,166000,159500,160500,15679,-0.03603603603603602
2021-05-14 00:00:00,161500,167000,161500,161500,15664,0.0062305295950155
2021-05-17 00:00:00,166000,168500,157000,157500,13146,-0.024767801857585
2021-05-18 00:00:00,157500,163000,157500,163000,15120,0.034920634920635
2021-05-20 00:00:00,163000,172000,161000,171000,28281,0.0490797546012269
2021-05-21 00:00:00,171500,172000,164500,165500,11933,-0.0321637426900585
2021-05-24 00:00:00,165500,167500,161500,165500,7744,0.0
2021-05-25 00:00:00,165500,167000,162000,162500,7895,-0.0181268882175226
2021-05-26 00:00:00,163500,165500,159000,164000,6759,0.0092307692307691
2021-05-27 00:00:00,164000,166500,162000,166500,4400,0.0152439024390242
2021-05-28 00:00:00,163500,166500,163500,165000,3156,-0.009009009009009002
2021-05-31 00:00:00,165000,165500,162000,165500,3615,0.0030303030303029
2021-06-01 00:00:00,164000,167000,163500,165500,6578,0.0
2021-06-02 00:00:00,167000,171000,163000,163000,12651,-0.0151057401812688
2021-06-03 00:00:00,164000,166000,162000,163000,5252,0.0
2021-06-04 00:00:00,164500,164500,161000,161500,3820,-0.00920245398773
2021-06-07 00:00:00,163000,166000,162000,164500,6388,0.0185758513931888
2021-06-08 00:00:00,167500,175500,165500,170500,27905,0.0364741641337384
2021-06-09 00:00:00,172000,173500,166500,167500,7270,-0.0175953079178885
2021-06-10 00:00:00,168000,170500,164000,168500,7685,0.0059701492537314
2021-06-11 00:00:00,171000,171000,167500,169500,5932,0.0059347181008901
2021-06-14 00:00:00,170000,170000,163000,164000,11679,-0.0324483775811209
2021-06-15 00:00:00,164500,169000,163000,166000,17503,0.0121951219512195
2021-06-16 00:00:00,167500,167500,163500,164000,8756,-0.0120481927710843
2021-06-17 00:00:00,164500,167000,160000,160500,17090,-0.0213414634146341
2021-06-18 00:00:00,162000,162500,158500,158500,12122,-0.0124610591900311
2021-06-21 00:00:00,158000,159500,154500,154500,9656,-0.0252365930599368
2021-06-22 00:00:00,155000,159500,155000,159500,8488,0.0323624595469256
2021-06-23 00:00:00,161500,163000,160500,161000,10399,0.0094043887147334
2021-06-24 00:00:00,162500,162500,158000,158000,8143,-0.0186335403726708
2021-06-25 00:00:00,158000,160500,157000,159500,4312,0.009493670886076
2021-06-28 00:00:00,158500,161000,158000,160000,3620,0.0031
2021-06-29 00:00:00,160000,162000,159500,161500,2748,0.0093999999999999
2021-06-30 00:00:00,162000,162000,159000,159500,3306,-0.0124
2021-07-01 00:00:00,160000,160500,157000,157500,5561,-0.0125
2021-07-02 00:00:00,158000,160000,157500,159500,3877,0.0127
2021-07-05 00:00:00,160500,163500,158000,161000,9421,0.0093999999999999
2021-07-06 00:00:00,162000,166500,162000,163000,8956,0.0124
2021-07-07 00:00:00,165000,165000,160000,161000,4650,-0.0123
2021-07-08 00:00:00,158500,161000,158500,160500,3559,-0.0031
2021-07-09 00:00:00,160500,160500,155000,157000,10946,-0.0218
2021-07-12 00:00:00,187500,187500,164000,167000,124940,0.0637
2021-07-13 00:00:00,169500,170500,162500,166000,26828,-0.006
2021-07-14 00:00:00,165000,165500,163000,163000,12325,-0.0181
2021-07-15 00:00:00,163000,167000,161000,167000,14445,0.0245
2021-07-16 00:00:00,165500,173500,165500,171500,22356,0.0269
2021-07-19 00:00:00,172500,175500,169500,172500,21182,0.0058
2021-07-20 00:00:00,170500,176000,168000,173500,17698,0.0058
2021-07-21 00:00:00,174000,174500,171500,173000,11695,-0.0029
2021-07-22 00:00:00,174500,174500,171000,172500,11281,-0.0029
2021-07-23 00:00:00,173000,173000,170500,171500,8615,-0.0058
2021-07-26 00:00:00,172500,172500,168000,168500,9664,-0.0175
2021-07-27 00:00:00,168500,170000,167000,170000,6348,0.0089
2021-07-28 00:00:00,169000,176000,168000,174500,20336,0.0265
2021-07-29 00:00:00,175000,176000,171000,172000,11605,-0.0143
2021-07-30 00:00:00,172500,175000,171000,175000,9949,0.0174
2021-08-02 00:00:00,174000,174500,171500,172000,8591,-0.0171
2021-08-03 00:00:00,172000,172000,169500,171000,6545,-0.0058
2021-08-04 00:00:00,171000,172000,170000,171500,3256,0.0029
2021-08-05 00:00:00,173500,175500,171000,175000,13061,2.04
2021-08-06 00:00:00,176000,177500,174000,177500,3402,1.43
2021-08-09 00:00:00,185000,203000,182000,198500,41160,8.47
2021-08-10 00:00:00,200000,200000,194000,199500,13645,0.5
2021-08-11 00:00:00,199000,212500,197500,200500,20461,0.5
2021-08-12 00:00:00,201000,207500,199000,205500,19734,2.49
2021-08-13 00:00:00,206000,207500,203500,207000,24295,0.73
2021-08-17 00:00:00,207500,219500,203000,214500,29195,3.62
2021-08-18 00:00:00,212000,223500,212000,218500,23631,1.86
2021-08-19 00:00:00,216000,232000,216000,231000,32665,5.72
2021-08-20 00:00:00,231000,232000,193500,200000,77996,-13.42
2021-08-23 00:00:00,196000,203500,190000,198000,34635,-1.0
2021-08-24 00:00:00,197000,203000,196000,202000,26682,2.02
2021-08-25 00:00:00,203000,211500,200000,204500,29795,1.24
2021-08-26 00:00:00,207000,216000,204500,216000,32791,5.62
2021-08-27 00:00:00,217000,218500,211500,218000,18375,0.93
2021-08-30 00:00:00,218000,239000,217500,235500,54863,8.03
2021-08-31 00:00:00,239000,239500,225500,236000,35667,0.21
2021-09-01 00:00:00,232000,242000,230500,231500,29094,-1.91
2021-09-02 00:00:00,233000,233000,223000,226000,31656,-2.38
2021-09-03 00:00:00,226000,229000,221000,226500,23734,0.22
2021-09-06 00:00:00,228000,238000,226500,238000,48484,5.08
2021-09-07 00:00:00,248000,248000,231500,238000,49065,0.0
2021-09-08 00:00:00,0,0,0,238000,0,0.0
2021-09-09 00:00:00,0,0,0,238000,0,0.0
2021-09-10 00:00:00,0,0,0,238000,0,0.0
2021-09-13 00:00:00,22600,22750,20250,21700,652105,-8.82
2021-09-14 00:00:00,21700,21800,19850,20100,468777,-7.37
2021-09-15 00:00:00,20100,20150,19200,19400,343645,-3.48
2021-09-16 00:00:00,19750,19800,18900,19100,271686,-1.55
2021-09-17 00:00:00,19000,19400,18000,19300,360069,1.05
2021-09-23 00:00:00,19000,19050,18250,18300,178254,-5.18
2021-09-24 00:00:00,18100,18550,18000,18050,216741,-1.37
2021-09-27 00:00:00,18250,18850,17950,18400,232542,1.94
2021-09-28 00:00:00,18650,18650,17600,17900,224099,-2.72
2021-09-29 00:00:00,17100,18350,17100,18150,199199,1.4
2021-09-30 00:00:00,18400,18650,17600,17800,330928,-1.93
2021-10-01 00:00:00,17800,17800,16650,16750,273476,-5.9
